250
25
75
34
29
57
89
11
39
77
71
99
64
79
89
66
12
79
18
32
99
45
96
32
78
27
70
46
15
49
63
71
66
90
24
59
46
31
96
81
77
17
94
56
98
14
43
89
73
17
21
91
99
87
13
50
21
70
76
24
84
89
32
25
58
46
55
38
96
39
10
59
79
59
52
35
55
75
97
82
50
27
34
72
52
75
43
64
87
70
83
78
93
33
72
24
24
53
22
34
85
35
65
46
76
38
19
61
80
21
89
88
50
84
59
97
42
26
68
60
64
93
72
65
73
25
99
44
28
78
24
15
84
81
42
54
30
89
54
95
13
27
38
96
53
78
57
34
44
66
82
55
29
85
10
17
41
29
32
48
25
60
86
57
34
13
29
45
46
30
60
92
86
37
48
49
13
64
50
86
99
45
40
47
47
36
33
42
87
39
90
98
57
82
73
14
51
81
14
88
85
48
17
15
43
54
35
41
48
84
12
34
38
41
18
69
15
65
29
47
52
40
13
93
37
32
40
36
52
39
24
73
37
22
47
21
19
96
14
15
90
97
13
92
58
47
65
42
91
94
74
63
