11
11
12
19
22
27
29
31
34
42
43
58
59
60
67
69
82
84
87
91
94
97
97
117
121
123
124
124
128
135
139
143
149
167
170
172
178
183
193
197
198
211
219
226
227
228
228
229
235
237
245
270
275
276
280
281
286
299
301
305
306
311
313
315
317
324
324
327
335
336
340
340
343
348
350
353
355
362
364
365
367
368
368
368
369
370
373
378
379
383
386
393
395
399
403
404
407
413
421
421
422
426
428
429
432
434
434
437
440
441
443
444
451
456
464
467
470
474
481
488
490
491
492
492
497
499
500
503
505
505
507
526
528
529
530
537
538
539
540
542
545
551
555
567
567
568
570
582
584
586
586
590
601
606
611
613
618
619
622
624
644
649
651
652
669
675
676
683
688
689
690
708
709
715
723
725
729
729
732
736
739
743
743
746
750
754
756
763
763
764
764
771
772
776
777
782
784
786
788
793
793
795
796
802
804
808
810
814
818
818
828
829
840
841
846
846
856
856
857
858
859
862
862
865
871
873
886
895
902
904
914
915
917
917
919
921
925
926
927
928
929
932
936
954
956
965
980
987
996
996
