45
19 8 0
13 19 3
4 15 5
4 20 0
6 17 0
17 12 0
7 1 16
18 16 0
16 15 2
11 6 0
0 12 7
15 18 2
3 18 0
13 5 0
3 7 13
3 8 0
13 2 1
14 4 0
2 1 9
0 4 10
14 7 0
20 12 0
18 8 0
0 3 18
7 19 0
9 14 0
14 1 10
3 2 5
12 5 0
3 12 0
20 19 0
8 6 0
19 1 10
17 7 1
15 8 0
5 6 0
3 14 8
14 11 0
18 7 2
7 4 0
11 10 0
12 10 0
11 20 0
11 17 0
0 10 0
9 8 0
11 3 3
0 16 6
19 5 0
9 1 0
9 17 0
2 5 0
7 10 0
15 14 2
4 3 5
9 20 0
13 10 0
16 17 1
13 3 0
4 10 0
9 11 0
19 4 0
8 5 0
9 16 0
16 11 3
15 13 0
4 13 0
12 19 7
0 13 4
19 2 0
15 17 0
15 2 3
16 10 0
2 12 0
14 8 0
2 17 0
